1825
10012
143552
190356
47949
131382
200908
123313
135955
197270
65592
182589
165790
16643
29676
161100
37917
181514
96749
121348
3846
24325
16802
108321
40359
28421
38139
20135
2423
210773
117297
134122
158077
68110
2689
16030
134405
196347
80756
73535
141484
44638
131161
191311
210618
39800
106929
25682
132158
31184
43676
113712
75172
62409
99084
43929
144302
133214
175327
125746
200234
102598
21714
187240
68826
92253
84151
172479
31630
135909
118991
92162
195162
118797
166404
92919
153530
125081
185018
29912
5932
211267
27918
37552
121068
151267
199539
120476
42060
176223
13383
117324
68290
161540
198554
25953
117922
208103
155541
46183
699
108704
93877
202475
27873
105202
18730
2914
71048
83176
104248
115048
18143
75582
122299
52647
125922
101852
160751
108630
190323
90729
13065
148024
27248
20174
16199
188819
134974
96246
12849
39650
79339
182587
21816
155251
135235
86957
184790
31741
69532
152284
134432
106539
150024
178710
86170
190951
33106
163548
202757
103100
103679
175308
60752
162273
150656
143405
118420
135657
155536
150954
17395
174377
34551
8181
53335
167481
99274
60191
52854
83580
187731
173448
141871
61430
48601
53442
77123
208757
84959
98606
147673
77202
66429
199176
122659
191576
17532
106465
178916
206138
160586
194875
141003
17783
62768
83640
199717
128247
98149
63767
133573
65989
140882
121210
207397
43248
81444
9316
200671
32787
176275
55325
96336
192672
169237
196976
128452
5123
57666
103802
169303
95286
69097
208262
56502
31072
114174
127291
167431
8961
34888
195341
99115
122755
165121
132086
159574
211586
93747
49845
138697
205177
91570
166017
60015
68033
135036
110403
164048
141712
149850
171134
159201
120696
90323
85153
31141
182770
152651
38351
206609
120410
86133
144513
174458
154124
72402
2363
172621
97229
16178
158531
75681
180241
38780
140654
111868
8976
26007
63637
106239
149277
180682
104782
76106
24735
208615
39113
123488
16052
10493
68725
145476
192568
123307
141711
160095
104681
449
185011
90826
133688
53262
201159
26117
32437
15050
141952
137195
108800
107752
84249
120056
126069
202614
15836
13014
169369
40459
49995
201396
56083
147881
141601
77600
154289
202566
46153
140426
159666
128305
141753
48553
147733
171003
127528
23652
198893
103685
80049
64662
30843
78493
175859
60580
101212
179935
104376
16980
29159
69663
39798
45296
15423
10978
85037
196631
99243
19714
139395
33742
118184
206020
80545
107625
90831
176218
89885
123778
127575
52816
73095
86587
102847
55811
9124
115980
178462
17263
143672
89913
188647
200509
203450
65391
203021
166387
178673
55914
83042
79341
48203
191439
146097
95896
157860
145340
191147
108403
210457
176437
69678
84246
128191
115141
32794
161615
162143
200507
14470
209558
211308
142354
66597
106079
107196
118823
10643
162422
160877
200522
143215
74299
113805
70488
66482
133866
201607
98967
62056
99696
135939
74492
133627
133734
161
144327
16655
122470
195990
190550
207974
17079
16118
181318
9462
15720
190774
52698
153009
158605
25498
209016
202560
68720
14740
132858
10429
185388
196687
105493
99261
140466
58132
184797
24088
199332
44428
66480
84456
84219
91542
47397
74044
52824
195466
33202
93863
107859
107739
114070
123683
139129
202381
97476
13225
59403
182329
156471
88861
186451
132582
182534
37230
157745
55647
132015
87149
170588
7417
132476
35917
133279
139639
119188
80839
181029
118004
57651
194764
18428
46935
178639
53308
145463
202289
161099
146190
182418
200245
145091
38075
117290
205159
194841
176891
72315
4082
24120
185344
124540
19578
106310
34396
196312
85471
200701
32507
32829
127284
55908
190529
128957
46112
129406
152523
148795
21626
98237
82993
22103
103686
128703
113547
148768
59042
61664
40499
34894
144202
139709
3577
67327
26935
173820
24085
54057
126989
96869
101141
52618
186375
66300
26678
79030
67597
145018
37069
57323
83210
158403
109712
126831
192925
10534
60333
158933
97012
199086
124430
2885
172121
183575
164096
196181
78404
162039
71760
80179
194547
203019
201677
118549
139923
84361
159501
126952
43530
54853
51202
186054
174809
15566
187058
12835
30976
203762
163540
53879
34113
39762
157155
143203
69214
17166
170344
51679
83175
107566
20845
1887
28876
12096
176574
85752
201492
195423
22640
36965
100025
11661
171001
7302
54963
56563
108113
54793
111324
49712
112269
3497
51520
114790
117746
86163
120618
158756
119157
17094
35075
183130
160440
27258
143153
169830
126475
127264
168621
156087
209656
13503
196813
153566
112249
95810
11622
65553
168838
203067
46761
102200
165356
152910
157110
147338
60325
133704
187176
107320
116786
125004
162241
82201
168355
40643
134550
27211
190432
35456
55270
63135
119856
80041
185560
166166
114679
153251
115052
19100
87835
157391
86589
100883
112008
51307
53362
208581
19142
170940
64699
160198
28260
64958
626
179299
23008
99916
39330
182857
136464
2600
60326
109931
142831
49899
120283
106760
15353
144408
46410
163676
64996
166824
18104
71218
47002
72132
36717
50018
56617
96094
7318
87640
82815
210834
128565
50827
147171
97990
173905
157765
121116
140484
60301
191894
193094
138575
78285
34283
8449
11757
25543
121623
88359
136509
114234
123762
66896
137638
190331
105790
4508
93183
115699
18719
37490
66242
138484
62602
201036
117919
32011
122906
94628
199877
141309
129544
109808
47353
163143
105230
165652
193979
61667
197695
158569
199212
7369
4555
112971
42672
87081
115992
29536
37424
40986
28906
44918
2741
135187
184388
149807
2889
65121
209190
12699
155155
196196
66541
115845
135582
107775
123420
137590
63575
140833
21890
139892
120033
134096
55129
72943
171617
322
112821
122652
148882
128895
124439
17582
155518
36597
72366
32284
8500
159661
5071
175903
4050
36165
77770
65102
167911
51992
13857
161948
88361
54443
157728
203645
143106
82232
209623
148448
115702
98415
137764
150698
34625
211013
205570
168390
143474
154406
154607
124754
178164
101505
197069
130671
143575
163873
190643
136806
183193
24487
178449
46235
195128
211425
115301
64086
189742
194733
8471
134353
135131
21683
80960
103586
116213
95200
133671
74643
137133
153360
82046
208056
79062
54842
99444
10694
44521
178769
16729
66038
112374
202818
33519
44731
117314
185526
193862
17404
23738
93840
142900
181544
16370
171650
111728
102028
73624
38191
52000
192561
29700
23772
71429
30586
197668
133949
154197
157608
177326
53550
204090
63489
179066
200707
25773
98416
33204
143150
16093
111057
161351
27303
28226
183169
111227
98532
28724
194163
62514
147184
80410
97835
81967
198950
198416
206068
46243
11016
40973
126086
145035
158991
56039
106070
30827
150628
87111
208135
186573
85997
76579
75133
