56427
77668
17168
85430
34831
96190
96925
86882
1397
77631
18678
4826
71575
82845
70680
87954
82783
91708
21035
81798
96313
74599
62458
87256
55039
17531
39155
66636
76709
32781
40920
84797
10606
91441
90907
83566
14785
58086
71853
12502
63783
37095
78697
2941
83343
54526
65045
15452
36745
63928
27038
14243
9504
72901
2082
82200
88209
40532
45872
77553
98651
29068
99327
68875
41068
10857
91438
56942
55688
59689
44491
1008
64885
96951
54729
66525
78394
12531
89835
18203
68532
50372
58263
57477
81875
95768
98867
86404
36228
81244
6817
35608
37587
47260
2882
65618
35737
61550
90451
59820
99046
28126
27796
13900
8864
83672
35809
7624
9632
41802
66838
20741
26218
59332
95783
6724
38349
88212
78408
2159
94340
10574
60264
86663
9472
35334
91336
2674
76015
55854
22698
62527
84678
81089
80692
99856
52264
44940
42578
78880
51325
51165
63015
99708
55174
49920
71151
17792
2407
79075
51337
89825
75875
96997
91170
6258
19047
56981
75409
96592
81719
74078
8633
20327
64612
5390
44415
59287
99662
96900
92614
6643
88729
15667
68885
47341
41604
36373
60603
90002
98654
14670
30073
14356
38568
44230
6726
50016
94093
53705
28812
98326
95683
45639
57718
55549
38966
19596
17074
41082
4390
32258
77307
86173
7801
85827
23406
17097
99804
32446
86345
64315
267
24742
21835
96991
66632
71991
24595
46154
99737
2285
23158
1419
55489
73501
71266
75900
66257
15272
73552
24239
86252
67739
97203
93172
92492
70245
43792
53829
68566
95744
9214
28169
46822
71688
70089
75798
66511
42456
64063
3427
86748
69352
42590
83320
44832
86704
63273
86206
24166
10930
5275
75521
52274
52328
71429
41531
95093
38818
30687
69927
18016
13107
38512
57239
34093
54797
1703
25284
60313
60401
98911
14792
22272
62669
76362
31833
62304
81830
60712
50810
6413
40394
52582
67206
31158
88007
93499
75772
35984
3558
36086
41880
79643
17858
87991
69517
47328
2244
37500
5091
34502
10240
1042
94351
78520
16928
58596
56437
55887
22402
93404
47700
87779
59247
35182
98901
34415
47620
21668
26608
776
34647
49784
33512
64983
96847
62275
92310
38539
89704
72400
30817
22588
90952
61017
2457
54323
74993
27465
75615
54417
31026
59348
31766
77324
12664
82157
59575
52717
60457
39153
39531
22111
57399
25810
5958
82424
69787
66706
88904
1817
42087
40178
98295
27579
33933
69633
14103
6610
89364
72597
27948
86461
29713
84985
67866
40479
8981
81656
41164
85171
79798
29671
87855
64614
94815
73543
85401
2462
41140
24670
4392
34294
28017
12994
28917
70276
33270
59125
60333
17187
81999
46780
19136
90850
60105
29725
77769
28264
59964
32136
12425
90987
70793
36914
28913
66933
39183
78497
68252
62125
6603
7688
56904
27184
79866
90386
81539
94657
67912
73505
92570
70501
68762
9106
56805
54706
10007
7479
657
19237
64351
78495
94382
67852
14973
92579
27698
20898
82
61778
53617
95510
34852
69062
6357
43580
84752
38456
86153
45803
53449
92482
6071
6380
72988
94864
39454
41420
38825
88478
89263
29477
40533
91678
69841
53151
82578
13108
92241
54998
59595
15857
21427
23627
66888
84293
42396
48008
93985
52486
41283
43237
49300
50143
83367
56603
45351
48069
75522
87546
12712
94357
86740
53168
22824
75138
4167
18736
50628
58560
1314
43034
37337
11333
10442
21014
61289
61178
55238
82202
43416
76202
63596
32751
85406
4337
14436
39591
21290
19467
66927
6788
71587
42273
28
37958
10808
24630
73776
57016
67362
82521
35634
7232
79862
52983
33059
8455
92790
46535
85763
42178
26873
33232
89862
50165
67778
47250
7069
98132
60803
38628
1053
95234
86849
80781
6079
19224
92762
69188
40977
45666
59973
68165
59215
39807
4420
4870
63335
13466
33889
74556
32544
63292
79011
7486
82224
34587
91974
13939
29957
27147
34100
81495
5781
33216
34043
99445
78217
76659
57109
73196
74654
89374
68748
46161
35515
83464
18718
80467
19324
24390
83497
34309
60219
38237
35722
32153
57339
32027
50502
44499
71390
42163
3904
15514
47
41573
89236
77659
83136
10535
62569
20724
63971
50186
83829
92901
7033
58897
45523
20779
27201
73221
84371
71254
65361
25646
12508
82884
62713
67296
99321
81015
29038
86099
99474
84398
90569
16288
89044
72556
92383
34557
73755
20534
43269
72304
43065
32414
76844
4338
69010
82996
45499
33124
76474
59574
35643
47356
59011
81438
74730
88607
82866
54708
85520
66806
86182
22945
96758
79860
16195
4822
4070
75593
4332
3824
74039
46381
17734
62930
24171
75973
92496
23212
184
17071
1770
80639
8631
21144
71619
91723
90782
48357
70899
28586
49146
10141
14145
58643
19587
6178
85388
64654
57118
18539
87598
24999
65297
73473
19942
44381
48273
39940
29860
35271
43375
76834
32859
94148
93725
87713
63156
21760
83029
14846
18907
37925
82668
16917
31582
33743
32306
3291
61556
26775
38245
93698
99089
67058
25935
57341
8277
61405
36505
75088
54589
1592
5254
38714
16834
93845
2298
52994
41301
52406
46573
80653
32250
26414
9910
93200
85314
60258
34674
32840
66406
73308
7682
90844
201
98878
77528
49894
5604
25840
73226
31926
77067
98239
24936
78766
3490
19376
51039
13903
86380
2012
77837
32505
83290
90936
84480
96045
71545
18090
74400
45106
37055
20066
77915
17341
75871
67066
78281
38034
74683
31658
42101
82135
94517
29790
95517
1976
18439
9787
55655
64217
33631
1952
97092
39961
68881
67872
65071
79056
67075
77313
59387
91184
40475
32970
778
30077
94221
94157
13764
66764
86415
87319
24352
82333
74200
42177
9572
2096
3833
51008
47307
68932
47924
831
37878
67665
31125
48420
67187
924
62088
92583
34638
98558
17323
63574
24040
70810
36882
33236
14046
71435
39900
63404
51935
45245
58696
82010
1908
11718
40212
68476
27079
83750
92688
87946
77707
68627
21311
90385
44467
33524
51009
36229
74263
53724
73471
93227
59540
8769
7657
76077
25743
99891
77561
16593
55527
27787
17351
87265
80476
64065
54871
74243
61679
98684
44939
59815
1234
67102
20094
84676
38286
29111
40113
80652
89639
64195
12579
90488
3925
8628
75486
76523
98374
9430
17712
28952
2778
3510
94152
24068
12911
44480
2829
4226
65909
70520
75694
4534
19749
61598
88154
15552
99226
5342
56608
36839
9593
80209
92693
45876
72156
25492
44548
6858
75675
