149473
56420
159049
298457
576418
115830
146945
29632
483668
203753
221788
95316
571784
502178
28311
167886
345116
400125
538647
257360
358478
526608
304899
449178
355316
605590
561524
464781
188400
145198
2830
43519
602392
201491
105658
404599
199807
268224
477887
432253
254440
503504
426323
118698
73739
484338
27466
492409
466543
463709
245078
531229
521230
118618
255372
570976
393307
596663
453014
474883
27197
44642
304470
220791
50900
553294
592904
479036
120906
351429
618753
165492
164863
91867
24333
436016
248241
11450
460268
465664
509149
174520
192769
272450
139750
192849
202040
87970
8707
442178
564632
370958
617871
204913
377470
480502
222362
374884
249175
564417
188694
107033
244665
346244
484449
559739
397459
443763
310679
417623
310080
352886
290103
539676
276521
611219
263142
608633
425605
138120
67611
215635
249180
565403
527118
14265
341794
189994
523075
68253
268648
357613
314280
597755
171571
95551
40382
205400
118005
593581
262519
224646
431073
59331
50631
363078
216663
571618
108883
155109
340968
596750
76254
282603
483424
525798
459094
164496
621060
352396
477926
357327
295065
223984
323007
497251
567230
94806
585682
275053
491801
349414
168444
242454
36951
458539
467791
174355
394608
246692
387049
243199
188779
186660
415117
296957
219451
207378
281027
77092
357087
33061
536305
156445
139630
284381
554270
299566
378751
171492
417266
156646
451678
302765
181565
20052
241766
24909
167698
432421
136765
79745
374768
278322
351166
191507
41418
149306
90822
561756
31216
477043
120166
3255
185436
566763
21058
206770
387178
358847
243225
389957
440936
96653
375627
265897
345450
23165
15584
537998
557385
336598
81509
297380
316858
168884
233032
434274
373041
561375
281769
48788
469159
138354
508349
375046
376235
581663
232326
331268
228470
295947
125272
131221
461066
424333
311060
373768
168939
514196
167465
323112
242548
115484
217130
256481
45403
190229
77403
604200
428407
139588
5785
494842
371735
597710
398791
386984
217925
535655
158664
545626
61887
148805
313065
313559
135177
395062
237780
178194
491681
339462
447989
260729
160487
227131
113994
274027
348504
27158
296067
366745
606703
4398
113433
19912
432971
568620
394373
184442
152926
535714
315390
18195
422027
608763
218452
370535
81565
125462
606457
551738
403600
216270
450842
341110
420337
64080
579571
391008
67603
59653
253077
231425
201689
516321
487081
24378
223678
509908
354938
180439
455491
550096
217292
549607
102952
476761
438245
522667
186018
182394
541031
383680
273583
334920
270452
78915
395011
237585
602969
591199
299709
588202
488591
239033
171718
170114
177780
139900
625953
141495
200771
62948
585990
360763
522328
525699
505990
344421
221745
273341
496991
531264
143048
125036
218007
500245
4281
606401
212817
112993
126025
184034
107394
557985
584183
206332
262163
105951
109001
567556
449165
418974
83086
208381
151072
325255
340629
261626
135300
307172
493198
442711
38560
107548
63228
466564
561921
325526
551022
183824
270262
270582
197109
12836
19404
250817
110455
536135
95706
339265
414334
337882
403914
337725
143079
399176
586104
486047
45290
417545
437839
266199
40083
297523
308723
101425
552092
562476
406148
452626
296801
6113
566613
36169
384328
2825
424020
358025
248157
546459
419818
47833
142483
179970
475771
321927
479972
610015
10283
428581
161886
84541
461655
433614
231901
335221
571577
100106
532525
256332
623625
504729
261987
627915
90106
123945
372633
232473
451644
555899
309890
438497
260372
189044
550044
384279
319883
261568
448528
350022
413221
453045
358717
335444
84156
571907
198755
439661
591050
127133
122888
72612
389352
576
61349
123138
444812
79664
9058
334684
344526
335497
234345
268087
268187
85753
183472
189030
195272
469216
157382
175962
523372
403219
57135
282543
350925
551120
47689
16613
399018
587690
232829
152612
514014
100238
621095
165286
331623
86311
502713
356785
237919
248310
387829
110929
484046
359071
153457
361184
80258
7178
21980
258766
524376
440114
490151
171758
197870
135678
492516
1780
209391
354967
35360
41429
186412
355262
89106
108029
418625
350216
375571
195155
142261
402154
243973
134163
377986
83442
566805
245997
121849
562882
381200
406217
242835
107422
404420
110314
93847
460592
454748
441205
461158
493436
591056
495043
20049
620467
256251
16922
510550
459206
105906
327602
489310
427097
47348
437427
576219
163377
68366
470770
369568
62581
415202
358456
376617
320226
136405
192542
172155
72728
251984
397681
437489
178565
603947
140019
101784
335077
605516
488824
11879
556549
396667
80965
376528
492179
596740
507570
354672
593254
446872
109667
24399
197824
153227
486799
392938
372842
335245
104520
591283
220395
448739
97812
143821
454764
356297
10952
549074
294925
404979
380395
322098
542369
270893
419676
598566
140399
125197
330688
207919
288712
575236
464707
322066
127040
522638
106778
252922
263884
276586
316368
169884
536090
156108
406874
359918
495085
588946
559196
363254
446813
538784
583230
515931
594719
517882
486818
137962
119636
567645
194364
578645
478978
622615
261806
159563
322546
626096
590959
484723
228492
391003
562451
437889
626324
595047
377796
180679
39861
271530
19845
3640
166481
404776
340240
126661
564357
312687
176255
128374
423622
125900
185673
598499
183454
406494
594792
411189
417660
282706
74351
141740
79129
439024
3212
250086
540052
122631
298759
481844
124572
454822
134259
203975
141134
79312
525906
333060
342068
373193
335638
532595
66991
199777
574616
603263
254015
618491
67821
479421
474359
77537
535398
490137
162502
69667
43272
202227
357871
471674
42796
479812
160804
511208
525662
343710
558046
476841
424251
113495
459243
351927
495673
36937
507931
246449
22835
413727
248433
245019
217446
399691
554088
604250
137891
433311
246379
465845
265457
45847
40069
87782
388114
164473
559454
121953
270632
494582
443504
502430
299775
221822
516936
609311
227250
375402
7796
439444
131500
232387
315203
190815
324947
298243
66280
45497
553789
601186
215695
184219
377198
263167
325688
14086
301773
66780
507702
179916
436667
381671
320330
210848
317794
48385
531402
316030
22376
149310
491269
532483
324280
392832
127388
541177
486421
209808
172896
208130
380697
524112
326002
482066
69458
224764
87125
611053
330061
334483
257342
576236
433665
308536
262997
435441
408822
458910
29151
399603
473427
160377
131543
41504
285870
226812
224749
505389
425615
288542
80998
458549
352766
52780
413356
582813
318884
622161
324923
336332
478024
195017
368976
111466
127666
588770
334974
528035
271581
335839
159903
248422
96210
421661
82965
302853
525071
224904
550936
558329
395762
310204
373114
540652
293783
381732
586181
532235
277259
531294
612337
263478
184630
342050
226912
185571
11182
2019
3327
327241
450049
585290
364699
329396
204992
457385
581579
378901
551592
270730
16208
452495
230150
73025
481193
430742
336867
397253
413443
261923
196872
63495
33053
311292
205121
