306475
206883
591
417427
364687
128178
487924
64348
218029
134896
538114
553589
350145
131597
55321
516660
67173
221613
444519
535437
124033
189124
38535
499865
208598
225244
146284
404863
537114
64670
350099
355307
525614
391305
487349
133710
422847
299540
292001
535381
532583
489692
548521
46327
114911
134649
554614
458401
198310
468203
474851
531937
237052
524320
250460
304618
32582
167075
164220
161860
19745
503070
224794
292722
164376
541185
37725
232951
170986
256855
72625
40759
52649
493018
12832
396402
82054
178696
472501
303622
403728
543604
209784
529320
259889
86656
415082
283591
97655
60597
174317
54789
336548
468572
145363
458466
312178
303716
140487
191054
13134
385422
342817
528627
403737
451213
471539
226517
298778
445308
153758
533177
206046
366649
543155
512400
245137
6311
284895
520082
25533
340486
47146
211019
446343
354837
484267
312450
292455
66057
165375
462417
123547
320695
275188
312119
475435
198616
228872
159432
286825
485843
283570
192540
153962
107552
517186
57048
228845
182147
35684
110826
125363
165081
454377
40339
64939
39026
466445
548296
2868
228086
374112
468098
445622
289284
340523
13023
408146
52049
153977
444769
169090
213012
405660
537278
144118
50539
83957
425290
212134
234125
273824
57953
76539
46348
411207
508764
79698
525859
194171
257216
437463
289058
24784
466230
347138
435592
330191
534689
136548
177110
536733
304937
229888
525516
246869
113244
119282
236905
5021
285753
319293
7358
403620
107675
313846
94617
326382
535204
207485
418600
21752
380376
542316
344261
6753
452418
96020
173765
267821
237079
451572
187964
465135
544056
369757
227823
377853
337627
91076
10163
174510
428741
236465
217034
333617
382589
18637
348193
245645
302379
198176
426969
209471
471848
264897
259412
403316
443389
492625
524248
190223
540885
72041
276969
39369
244198
359198
532225
54772
316195
110011
380804
82570
77454
215782
68347
248554
470231
539945
71257
462421
434608
355947
156614
132474
423050
399818
382540
310827
113099
292770
171254
257084
485976
29360
108821
249195
68592
396976
536310
31358
224999
543520
115785
279317
152935
33274
445924
241962
249649
209451
278932
354047
304331
111119
405910
494625
102850
223925
181102
51606
488608
520848
464307
466982
11068
280788
531415
86071
536338
78500
170512
223186
472743
331642
158090
35825
294880
523983
458579
209527
548977
432539
236189
449029
398621
470639
494814
111427
163135
304306
121749
402909
511975
3828
182127
172627
294534
49370
504414
401236
213387
169995
353919
90916
297154
69284
463491
72508
523816
324434
203942
404901
36663
77621
188911
166809
305498
25745
236768
339875
28077
462049
28925
410864
302543
57810
168857
525375
55006
205813
19365
434244
322338
371583
224295
319292
174648
511669
288968
16649
132581
320642
95090
78821
131120
505878
260300
251970
6034
125540
381534
547022
148639
56867
502953
467509
208686
380572
529716
311399
43607
412645
170908
439476
187286
195568
29373
107339
186624
339873
269586
307002
218733
526803
195554
457869
333497
141844
173761
548840
400755
129329
244716
515432
342324
72671
445407
64540
452716
464736
487530
551930
95614
541463
295229
172501
279229
275167
477163
461195
63336
243451
372132
468174
85503
441655
511441
466623
35151
386708
221816
350619
316457
350121
165282
528463
421622
60719
407945
546193
258795
66271
466923
71289
512789
267179
396509
84700
327793
198638
21749
377220
129687
117247
392013
445029
231891
285946
186404
170497
168351
108120
209604
336435
219406
9631
49970
119248
204225
270315
5886
195437
7758
51144
308465
139351
392169
209579
48145
276512
206745
440065
40498
535027
509937
4066
110600
161846
192893
370319
525358
302323
62435
174143
382813
219353
331427
263740
203490
255915
429941
253637
265788
244391
497047
37889
186194
234959
440760
199769
343316
524756
387604
467292
156397
398755
333049
402469
501242
453492
166240
512056
104055
211227
407986
423359
361199
486062
272548
441691
49889
164358
54003
193455
359464
512765
528575
65383
265883
128470
531740
268957
250871
511048
169765
313009
135364
70077
63753
319521
375949
303462
123985
542225
72977
120392
408489
36393
172044
240390
356466
426425
417791
490764
346430
151947
551301
183654
357016
368077
527827
169753
133224
199832
473931
12298
135703
122755
377204
68948
499489
499121
121642
62811
437780
63508
82294
390189
278267
103133
347148
358335
228879
459505
41669
297652
317755
100039
231134
463188
213505
482623
519745
433249
390566
165904
221150
375187
1749
111618
307402
227529
200080
408071
68521
524194
206544
189046
365082
125424
109497
127742
261947
140241
67243
439519
19451
244185
323872
83604
505638
395914
486562
144467
106954
363498
283217
342537
90881
232745
20100
316244
439247
120323
398611
68170
392345
378125
242063
385244
469205
498534
60983
155426
167433
2912
103091
357347
283572
484231
140570
363142
161179
221980
475704
521160
18834
358645
237067
11534
11159
237982
386102
34593
60113
482202
528833
399601
69113
43708
126244
260441
11666
41098
358919
155820
303100
148750
380814
146711
444548
490310
453794
202380
119046
296853
296620
455091
356936
98904
282111
546506
315009
324826
100747
298966
252130
133981
288733
211161
64682
36470
283478
213884
260747
138821
237820
85317
525318
234865
446544
169647
21610
444282
211381
14591
446748
242914
384913
80771
77161
325868
52711
38639
389774
178825
122536
54211
105397
124318
490935
14276
407364
111992
167341
198491
9746
266941
387814
177232
155622
86364
338897
143091
150190
82109
112617
486768
249223
83544
221025
521334
17341
31284
380811
249410
514736
173274
61196
143401
299304
386848
356962
424082
35868
310879
309197
420902
33786
482804
142467
465010
172558
332621
66447
462272
486732
157486
264012
549650
113190
488620
480496
163841
351245
248564
298300
136654
422303
4306
546538
549369
266868
94223
108169
132975
515682
368343
67366
432866
514699
500953
469568
37582
498059
36197
215698
28581
503334
555021
317259
405981
441259
434431
232362
94161
419937
200586
488028
482852
271979
157138
101681
345061
327962
284937
201858
126057
286829
234743
344688
12550
500743
127292
553609
238876
528035
1796
7286
284514
48059
325654
321839
370318
19364
192993
426698
55387
136233
106221
63075
427940
131849
414476
213414
132934
468204
455710
457810
18744
45984
294313
204439
88610
112834
414713
25107
487226
266784
45511
91149
531782
290535
275470
473830
153118
430793
44300
350116
537121
89230
132615
404577
140398
198283
116978
281888
355959
276039
137706
442136
206575
418308
340696
105317
379324
86258
82973
292197
45953
192081
352565
537349
499804
110098
129304
2536
451588
312904
544851
330509
171550
214193
49244
497162
387375
91588
264477
401436
270853
310262
109453
466572
72822
171645
250924
288792
546898
183702
431207
441676
84686
497783
421235
151287
523645
326363
551201
64063
284797
484315
445375
40304
463550
490563
58210
129649
