382382
554499
651963
665779
41436
377935
174744
317634
380107
1393
973118
116150
538914
986399
555829
725086
992302
990179
744546
479484
265875
971929
197075
628286
149706
352562
168854
977414
178033
87619
15204
506946
635523
731678
2018
509110
91351
305598
613533
453849
678235
461524
992887
698337
909833
542125
443439
119399
604074
790962
242804
252083
40975
364191
9212
714933
438920
497551
342931
374940
76743
480396
463309
185088
920749
784654
846447
547789
322594
101400
981223
288304
85577
398389
984618
428288
76466
406252
321982
364831
614712
871435
338223
854775
552323
680612
379699
630014
935548
742675
480481
793073
295956
374944
144012
847841
157069
548869
822153
370164
15176
646810
664260
512717
663140
133593
138181
227264
507581
307305
316038
499162
187105
875959
925852
219770
58825
725644
753952
870395
830129
824500
552669
293647
794599
11686
297642
808369
82011
673232
351093
567150
843472
262661
910037
637104
702150
772394
416970
728132
856852
988701
851664
146488
201409
619723
78491
569078
91615
255215
794865
247418
966014
339348
575959
958492
772543
58598
907103
94933
697798
198954
204573
956882
49942
351422
934753
414000
593064
73527
605955
334963
883894
120091
492439
644706
216779
127802
331441
245969
382531
372
86082
335885
421182
622365
369189
209452
519249
221994
449323
711016
721944
480308
236219
361519
62897
626070
440955
902193
74574
367422
255488
80541
592190
838726
739935
542296
123634
629111
154869
870797
214854
848547
776465
54227
629038
323094
32188
101255
705306
281487
919114
809595
719323
37202
748947
756499
79362
652745
965795
836591
121663
705523
968574
124114
323542
990642
919178
59775
700716
937913
258103
863079
405015
209125
536587
723743
311223
498985
12761
9091
660278
128774
865996
303093
583081
348768
676002
416712
581310
59142
209162
798552
205224
110366
641093
109493
569320
796885
586190
443723
593947
812889
466019
532910
653513
245838
235781
381708
565337
462691
174084
468300
1527
30097
740085
339556
640171
394072
893176
612243
758235
12292
198676
377945
747612
225881
50593
592195
951985
666877
954467
166215
7965
242082
225586
184828
273814
183083
164332
523558
940456
227241
559740
66105
896864
800109
261816
127947
415011
207754
605609
588844
845922
741073
248082
554562
870179
843509
751778
145346
83818
15768
179734
187718
393835
579596
423612
390165
225368
434785
311979
666438
954257
689691
253954
698753
197606
389234
194042
780763
463135
845067
183843
927291
230394
148652
842861
183208
411783
641042
556735
35052
490229
337817
100471
565691
118343
421524
710954
409286
660013
56949
376799
101700
608545
218202
714953
234134
511087
113881
114355
18833
951251
427416
686919
494093
948060
811084
668627
560700
388433
62612
663857
111868
725176
594204
457567
444565
507779
633034
218942
773895
825330
199514
381209
64580
269703
562589
795333
967937
479120
424259
123437
345792
347090
984684
297216
401916
799834
858563
866739
408235
946068
56360
343684
390918
624886
463709
361474
471851
684400
780041
616004
943062
963914
728259
318115
285117
286959
589115
359481
425943
151982
225392
119127
422486
940589
586032
893845
139005
921540
184603
493945
190111
245180
725572
352640
92787
63627
740194
309219
837158
306026
859300
804648
307375
93856
722262
809172
416684
690323
780304
407089
766941
69890
854867
319749
221900
134500
568967
314046
763019
28910
441848
207473
787165
622360
473367
129353
589066
511720
798339
319980
284751
329573
252169
626559
491008
680641
669579
988337
188498
613273
380006
799736
129249
742108
676585
769183
332350
101722
588792
801168
692948
69648
437004
224929
840139
161880
271062
284080
760644
724968
56144
422848
289298
250583
491945
328101
380888
439080
919753
70461
144628
479430
466655
182433
846147
57365
631096
82488
481557
417376
980448
599852
302838
292778
487574
671479
99128
27172
142639
75749
902643
751926
610166
842087
298809
183773
251050
156693
668488
404370
639601
270516
581574
659855
800344
563051
912142
841539
191222
472689
275161
764436
411789
680454
929618
86870
58937
729245
545948
217397
761625
736947
225831
462397
601477
891490
302012
667776
35775
432712
872303
299755
290667
74486
819647
10419
978101
419656
685369
846884
827981
320760
868077
319673
748934
765897
513396
663462
275507
735943
525116
427945
787090
631644
768785
740370
450080
387841
238020
545149
481633
99476
780121
722195
760904
766596
739060
133038
283886
271760
554396
113061
800110
44292
138960
280892
887768
73768
13695
737364
643446
354347
374408
802997
514338
457841
444660
337748
322303
269438
162325
306894
847058
883642
556955
565834
724794
395444
510493
813267
634214
193047
134723
56304
467737
335393
566492
93562
189423
19158
921803
373989
627892
889032
871664
271434
813770
929440
952172
564263
516769
679184
8711
13753
178955
428101
470920
687668
60831
632900
108976
858128
218964
910283
457065
899328
310586
734389
90244
522258
636659
17847
287064
245692
990426
581488
196036
301717
103664
347335
824339
367658
292019
982380
970405
925236
896424
804323
853172
897238
470351
924834
36041
148710
54997
161541
259052
382354
775545
693383
356791
708104
230656
597949
965555
483785
79700
335636
422704
72845
326706
310414
873735
965057
536091
540706
388920
842311
653925
388085
404976
854531
970562
404374
296382
494275
696473
693664
417125
366364
782459
4088
570409
665640
775222
352760
803246
433368
766179
373883
951973
591262
53046
645998
203372
354147
252857
908371
419386
84773
336973
411286
866330
202946
68975
781114
627674
391049
262536
686476
199437
259939
167439
276809
800438
947725
31609
831125
19558
436062
872675
984023
259731
964887
802198
679922
693424
450237
828479
777416
881318
541383
599575
638444
846173
201672
951259
302602
758037
733890
122142
561985
778965
825057
315052
844631
317330
787062
414145
438786
17494
616830
440035
68074
315687
149150
528347
641032
402527
501769
741551
664136
306142
377582
401976
499600
345675
554725
887881
497489
347490
919499
82837
483278
624943
543453
475689
973499
112802
713745
37540
558958
864838
632325
420781
835175
61313
70602
142759
255360
646084
396483
454822
724147
184690
241466
445800
715920
777667
23010
437626
764595
570823
671649
823179
60512
990810
94861
524119
262532
127873
893682
546994
319658
429200
300217
237171
577289
979413
201551
655280
154930
964156
859292
353939
404314
144717
804968
403331
887100
231612
936899
96806
368028
357719
349527
45205
829804
566963
507703
808413
520767
417103
159592
321331
11466
212293
438361
701985
339575
662193
781596
203386
599828
417792
606763
299335
585827
267736
523772
52879
155442
253899
911022
633325
204629
278499
907951
308811
2933
327391
668635
959162
383965
44854
206407
601915
108760
605782
325821
51069
919317
444312
431208
187005
401933
28796
352907
126019
326752
771780
899401
988728
433931
822561
646991
767913
519261
923464
859393
347439
554461
746946
961615
420539
7278
312351
354994
913966
682672
372081
3152
155216
648383
631491
