114472
306711
22363
9016
35161
28191
67004
209699
26818
233902
65373
291879
318971
158478
136566
171996
80093
106405
28413
151775
289468
43742
113630
285347
299397
260791
242076
298554
67926
9288
37552
21693
273033
286984
171934
164657
179500
275026
290479
77428
149813
172174
56795
36262
22582
3508
304771
44379
92760
65975
279365
140722
186760
147390
144719
180063
308716
280052
275930
312827
118179
16648
65375
122121
196790
211104
13854
195906
218468
32865
20135
188170
227537
98940
149795
73711
292393
100002
175071
10421
75246
267041
139276
303410
218525
202412
318803
36490
255193
319365
12571
130327
179449
157876
250077
148681
279307
213149
82485
209693
116822
246836
95808
130978
31498
319789
67985
129062
218068
30641
234725
265678
181386
168677
42384
170157
316308
305857
260333
297685
164197
237629
325999
256995
147877
259289
105850
202793
66865
185166
48477
289699
305331
208739
203156
73292
246882
36996
313771
33558
45829
90478
224360
120744
259801
222991
64447
166957
69945
52861
18592
111351
184261
280719
158489
298557
146948
18763
278879
257009
71493
126612
207264
273194
14641
58529
274361
57163
173170
55170
106629
123257
183393
254823
204560
321026
137938
58876
247239
315770
141716
275006
279024
232388
233955
115032
216654
84634
19173
73237
190220
285789
278090
76003
156876
295389
144256
74927
313668
242604
104173
278865
1132
196438
310324
176608
88542
12086
252400
131047
273463
228556
216909
73490
143167
145361
177180
124301
197419
204253
294705
115777
32108
129699
213047
313667
306421
285075
304581
246147
48634
79019
138149
128330
100111
155178
187740
17487
119861
286884
295908
126999
256825
301232
162349
285592
58411
188642
21926
55656
244902
236051
275451
41775
112462
73246
74198
145310
30062
285012
191978
54167
121720
78234
148849
117319
160359
230610
114243
255683
163691
200137
190157
254365
195564
237868
20423
83325
2400
318544
272668
186620
283350
147645
248091
106562
53629
107634
224979
238354
212274
272746
77391
297228
63136
80383
293194
6055
80273
158954
100099
282960
168943
197588
68842
18808
193353
82969
38217
293210
70498
242992
321013
258048
174064
9359
132350
65027
174891
250832
216190
45268
85368
98100
64827
152944
286622
74463
249311
223900
58212
18236
153924
91405
185544
133618
90454
209397
264223
282387
245704
214911
66002
300700
39534
4612
110545
5376
247486
91008
212983
290738
88168
261768
187352
189762
67586
282203
16933
234505
89404
113142
317087
141014
249660
248535
217480
179026
107166
47803
90828
111807
79926
9913
111575
248461
64380
287789
210056
162417
44096
111643
248966
250306
200345
258519
209806
241380
293231
205865
71315
302824
223369
135185
50420
242374
152790
252826
317611
264184
224861
164054
244440
66569
29499
102466
100951
264238
256410
248669
126994
163401
209391
219649
208681
287628
249162
276349
164274
27018
26380
131961
186510
274741
179369
183275
279322
197045
22150
159885
317103
57040
277621
121367
169317
267074
234579
169668
261814
110944
137573
83120
268390
207496
257989
229465
136019
235455
302925
40283
26804
63063
148994
68878
144864
311189
162696
260867
218407
266440
273697
241520
243263
86778
81281
188496
211815
152294
102894
172626
5856
12013
30261
247676
220637
14441
165175
43893
158917
9823
221095
178052
221424
90293
55192
72455
307297
121363
283426
231041
61534
27002
189328
177515
94781
228592
284564
273384
107437
324786
240156
39422
93096
125830
89109
188300
198374
92835
128737
173915
326160
185959
184832
176119
51338
194692
71813
292444
39730
65759
242105
215762
72502
263567
76019
223783
318976
139170
288331
4328
319106
190732
208405
18067
21494
112723
109359
75612
132608
42000
70706
937
164328
49466
322103
163604
10689
165111
108089
61167
276757
316792
282275
209537
211822
18378
289587
200275
195158
60284
167927
41732
195348
175855
91627
279074
172037
63325
218956
59345
244311
285372
33436
21615
13126
98341
104927
25030
310265
63319
274888
18027
110900
36419
50538
213881
43282
221426
260914
227316
230329
145291
131624
267707
230483
6676
214397
157225
244111
261557
197584
281039
5568
318545
324407
311591
93905
22166
322776
122287
268600
307635
287012
218976
12577
321609
173442
193977
208077
317508
47479
83756
28746
266320
79008
109230
243510
107892
168881
120830
135310
180134
201459
124820
262126
161961
130807
252382
74640
185499
238797
177545
88280
244479
95685
191874
139750
85123
16762
271243
286519
153415
248775
218980
111533
214341
206207
142132
310455
254752
102921
236319
139343
183208
98403
19693
122609
53967
131621
280511
307283
260707
154217
143563
34561
25427
231698
220723
244654
199919
310527
195776
234837
84463
213840
55575
248706
44795
254902
260247
80867
209860
264762
244146
112011
281555
158631
298771
100675
41095
82567
91519
236068
184891
147196
306821
36651
275773
69956
247471
145825
249703
22942
111282
251317
228241
42801
33881
277337
268885
79114
207397
319780
311287
12254
324301
225513
174142
170728
238039
264395
73313
308956
94126
320959
88147
266860
302517
36327
25607
5593
148582
208677
99093
14021
278778
83566
254569
88880
129170
220700
128703
169553
45201
36083
47822
148637
200696
166669
71207
163058
162646
15309
69637
11618
262124
190023
55760
235449
215036
1077
195317
194138
25455
294309
151549
231529
84092
232426
262564
254091
48263
194151
259538
301251
110033
241780
216247
235632
259184
40672
160613
199851
54733
159176
40984
53133
102210
209341
300751
57339
41623
323683
127907
315939
113369
314797
210964
60439
112214
324168
33310
929
131381
137252
227855
253480
244520
36701
3924
62809
91997
157693
261329
124019
222350
229936
67191
216051
139539
27676
83117
17001
101133
113898
311528
226090
107432
254555
256907
106399
238086
243378
110197
10382
166501
259764
82214
182941
2802
196386
198566
292046
288975
233189
98048
228820
68544
194808
233848
52605
178160
79103
249784
150288
129368
216218
201214
100953
247610
263346
57981
128170
177647
166578
16320
174303
230196
21887
259842
37147
218601
276785
262463
248366
87340
107263
52385
801
128508
273216
15866
270795
312894
13577
267063
268799
159435
91372
17969
92454
184624
195986
312074
3423
68943
119726
116640
73954
150597
276097
92710
54513
203896
62690
67378
83215
261979
309477
294317
322874
262931
262455
221259
111277
299459
254371
125879
194719
246046
161503
112925
132116
55702
262323
239829
108924
63201
293538
183861
264927
114577
317920
38146
164091
133730
179440
37924
264586
97480
313414
222229
310922
159912
311395
281127
116129
211008
24995
180563
142706
58776
102613
306946
178515
209735
284310
97082
3585
114925
205022
300652
110968
67812
130614
225068
121727
204970
167034
25276
265183
320184
300471
108455
273059
139992
220200
83286
87210
237377
20121
293554
45656
56695
140227
11427
61515
165237
133797
284461
