64841
18397
39910
21962
80303
100406
78000
33285
87375
30097
96052
10974
11941
26082
58321
83724
7391
21441
83575
14330
71991
23666
98910
74402
63283
43240
9158
104600
64212
86717
51156
97828
64224
85864
86161
18965
92663
102467
90400
35258
61321
63822
55442
94698
81934
85798
33176
68175
39779
70325
61462
21723
13575
40464
35705
36212
93350
6042
11865
70461
1576
12748
86809
83275
103058
42732
89710
64372
68281
82732
98436
20080
15926
75884
72777
81475
92756
96236
79373
67430
9069
76218
5232
91440
82313
102131
87438
69433
20678
48620
57680
46057
39646
80289
70305
76519
68802
20681
91405
20854
73774
65371
65943
72085
33562
50928
45494
34228
84832
15033
13339
816
40445
86701
76128
57734
74116
48737
39311
86569
104578
77112
34452
52693
35502
65810
19390
100948
89180
96231
43817
85483
32741
65700
17452
53059
73519
93155
2526
62464
26441
2849
95437
98627
5963
76534
23379
17953
86254
103283
86086
98427
58154
66580
35742
12985
1065
39622
35151
85239
9553
61464
66830
56689
11249
37592
91070
68195
47468
69776
64366
33305
10670
3824
23203
21278
93864
8631
20259
39233
83188
19561
15967
63340
46469
96329
3915
42205
60371
59771
76501
24660
10060
56732
57167
73064
50819
36314
74537
38963
68524
57816
10266
103877
24446
28263
94884
3022
69877
103707
60092
94590
50358
36187
92556
104811
67247
13913
98282
93810
24183
37306
85507
100617
93866
40567
50281
79894
40562
67795
39330
102412
84978
64827
24650
76705
49716
106296
47032
97034
81938
25027
33193
50722
6930
69879
2988
57431
83853
48025
45387
13458
62260
20778
86644
65727
15885
84036
71891
63176
98748
67489
54892
69472
36238
13919
97233
64395
102410
9338
88875
64602
66112
38348
59693
76066
42578
102104
77907
72766
49469
22689
74218
75312
78623
36174
8320
101844
40731
34952
3984
52075
43999
1834
94109
66145
35765
91931
30935
24256
98365
39108
103193
77515
56192
102751
25769
43686
20958
104419
94913
49108
11881
25980
41162
25355
30580
20837
25413
79203
2441
93232
11638
63646
86690
2795
23533
31236
54781
92496
25009
83569
8934
46193
400
62752
41986
14801
38493
47323
16372
6234
36939
71312
70972
12639
79713
47174
9017
96716
11723
24121
12522
46397
84730
99034
96830
86415
19309
100472
15526
73135
4602
77702
27304
40388
56055
41542
6683
3675
6496
76015
98102
102094
74913
36415
58549
56607
88399
63426
15469
42106
75938
1232
46873
14988
86094
41734
76012
1433
73783
98711
104448
101714
90258
57650
61889
10412
104007
28192
4462
968
45542
32841
77102
13888
98461
95231
67137
16598
69338
60390
17308
72770
74396
25426
97086
1320
78124
83044
25673
47386
66071
12760
59469
6944
12083
27623
7792
34704
34569
33915
60683
10844
57187
5474
67730
47541
23330
78670
14097
7455
61521
103771
61159
35109
1538
6122
67940
40481
37223
27572
100707
74700
104775
79152
2770
48384
4734
31027
63231
5346
101633
38610
67205
38522
57889
18314
30083
83621
64221
2114
84913
13857
98871
20530
23349
39279
9003
54774
105124
18286
46566
39272
34216
32022
2768
37310
93435
11456
90664
65106
94555
56181
51763
45596
84072
58184
94471
36554
78009
6267
6748
83748
2325
105134
43309
3438
35171
24215
20557
50185
87207
79505
26782
21848
3625
58153
93310
61600
79503
25837
91534
66409
36287
10447
106140
5359
99141
39768
11782
97102
83871
86465
28656
28240
74760
98515
71194
81624
60575
5548
50741
98785
43090
106308
9833
45855
94531
77658
50895
12596
6450
95148
2852
74652
98194
82185
48352
32702
18195
92656
76650
52056
55773
59999
101892
39015
93807
77534
84392
6333
64968
60368
73233
83267
1806
8198
16135
85152
48825
91510
101218
7820
68171
62469
79834
105748
82289
48855
78448
52539
61403
79607
88639
84184
53570
3831
7083
43994
44826
37577
77536
67993
51875
91924
68548
31419
76913
61114
58944
55074
45588
85629
102329
15508
35229
81228
81773
33875
42018
22601
62716
100524
30324
22607
24934
103154
98633
70115
106369
47491
53896
25857
57470
84720
42057
75228
23355
103073
78321
50692
101619
28963
69963
82912
25762
103660
573
88479
4312
88034
82530
105405
75315
105969
97855
64975
80645
77305
949
31938
44209
14823
56362
19141
53833
74755
4140
80174
19827
96581
59556
79497
34061
36332
71681
51856
26186
26279
47976
91844
37338
93607
62506
22907
9526
13372
89707
68521
83321
70262
40736
83974
59096
15784
82526
19958
52961
79273
89833
82114
41127
14132
77499
29866
51141
41776
1653
32498
4693
2464
52456
49591
64076
95431
71946
101681
29000
5333
105255
1096
65220
92289
63220
84532
78001
41598
93332
18626
74870
39920
21273
5470
92755
79119
37915
73725
33801
35729
958
41153
24280
30202
49079
29099
12384
84203
46532
104706
89904
18632
92816
47176
7462
60383
36636
23730
36807
54939
78441
76846
62677
17152
21689
59117
80670
55020
41335
9172
54624
15301
83782
72788
64529
6271
8075
95319
52248
5463
9299
13871
60172
84870
6181
6804
45741
43082
97493
45724
58467
88728
20199
21276
84224
105875
88445
5687
64077
35592
52053
5220
32998
56208
42851
3822
99830
75093
68760
73219
76911
91485
18461
40781
30758
30359
103974
88178
30149
49004
22539
16857
78479
91113
100390
733
84803
83067
85357
58659
28706
65139
83121
69001
13250
37799
85525
91034
101686
74784
105832
55995
29113
60684
47263
82328
68421
20904
89126
14868
57275
80711
62031
12103
79445
60873
72532
9375
85249
4390
14615
86335
105238
40320
99974
59577
46582
29351
61920
101060
62664
51609
26687
2762
73461
31942
100318
78129
10885
90568
102137
77260
36161
61546
50554
4378
65821
73368
27886
94925
5658
9233
78891
76145
102486
97497
20860
77256
77854
13859
81519
4599
17497
21411
55520
62991
50345
93286
102387
28640
45464
21841
46104
36886
1802
14668
62939
28127
8945
22658
68373
55267
8864
35055
48922
78578
56288
18854
37901
55446
74856
40919
38889
62046
104319
90750
105382
67514
65008
20405
2256
97606
79125
32989
41319
45555
33333
88477
34795
32312
102149
90073
87176
43907
64945
46330
44436
24147
97246
74593
31108
55045
101010
36634
5055
76542
88110
22162
90886
52088
69859
6587
9331
43904
39371
66469
15931
90820
91556
57214
94691
23262
55699
5588
90632
55123
47229
41977
52300
50007
7535
6166
1961
65085
82777
75117
93567
17291
38384
57568
