54854
129842
33953
191260
177154
204844
222698
272556
147699
24202
303351
58600
116698
119035
7100
200176
37780
132693
54288
109751
4962
69177
56100
43276
190221
246488
226952
102816
267778
121118
63702
59479
34751
128117
73435
244660
100101
319465
14125
15421
7388
249122
200592
258057
146200
48994
11678
171844
67460
44419
279369
206918
206276
151628
305025
308714
44825
131659
267156
89302
1907
69980
77948
293330
51329
164452
272381
315385
272395
68859
47277
46410
227835
169581
300567
267359
121907
230292
222279
278650
11197
6597
190832
188724
141326
32290
54418
41598
117796
290385
42873
149276
252629
51557
152357
100002
258844
65978
9088
18961
47452
273401
96011
214262
6302
311971
236838
134300
58923
97298
244773
27086
251187
206154
223703
5038
74981
156893
231197
229928
120504
122548
113683
28404
240422
129018
291225
167669
225699
96529
183819
56371
60859
251592
199118
23818
185722
275141
307153
177603
219179
248777
204926
182527
117287
292065
204761
277000
192018
21878
19901
122326
280244
11080
219443
54452
7044
71007
266973
60940
315546
175769
33782
13996
76511
61518
192610
141098
7971
274716
59013
59327
162183
295149
105890
140627
100133
255977
225442
95254
117776
230387
193106
175829
306130
64622
314231
312738
107439
131511
202622
87116
96468
306378
194165
12148
48373
202599
270258
46103
28844
181585
44783
41738
253330
134474
127706
319995
199467
43913
4748
199189
85298
56977
109468
130962
289251
210477
64499
34836
240963
302769
202328
75899
210274
316306
92723
253117
143767
6279
304782
91097
316844
100626
120176
289718
313938
170907
128138
230817
251611
247032
59616
135466
56138
204375
231694
72623
146156
22783
118767
249397
227476
71212
19906
125069
278961
8610
83793
293378
50894
14370
46817
45522
158301
243692
283925
220617
234333
247807
278431
315962
186027
291644
188990
144102
176090
125258
63197
38664
69955
66582
10212
255418
74244
251887
70410
241658
24527
15089
63212
145877
279782
58703
278914
114424
12646
224935
148518
306689
222773
234091
66697
166038
18474
241137
294030
24304
211338
264008
100433
300756
281489
29827
42834
72453
112909
68962
315004
128726
241791
125375
183132
281812
230262
281862
168697
245190
94698
209527
84423
303099
109814
129764
261604
228515
77034
245096
300929
138609
168810
122826
279944
137409
229476
137641
219816
125072
267187
181685
134323
13095
169505
243591
92231
41316
151635
296545
98322
154739
80311
276961
164234
288815
290949
81070
44640
133107
112533
30113
122803
256588
120576
74832
83397
151247
283760
254785
3260
300336
15980
174918
16802
140081
209554
247989
19779
224969
139795
84072
275069
96638
167395
71488
302952
139308
41226
285874
147395
168263
6574
6262
127560
178669
66497
215983
208334
286937
216303
123318
194708
167098
82635
56638
67956
16966
300583
287520
271393
173289
52279
69849
313282
28611
289089
195443
219168
217332
55420
89239
74772
12457
252680
55589
144489
80571
224491
177734
204889
201782
245637
91794
111780
60480
147011
269907
276410
126955
112142
164091
123175
205011
41051
161028
88691
305478
184226
305762
65306
133630
210763
244279
61232
103857
142433
136001
221880
98622
141105
137234
307905
156478
283203
244553
256223
190244
113720
59444
272873
164958
253021
270399
223449
61966
101341
297671
5280
230465
11932
261808
182112
298564
204818
202686
174384
192756
174824
124088
173145
287797
317408
285696
5198
112202
169766
136379
292034
244290
1242
59724
108816
306592
226049
293213
28934
254816
256848
93616
175833
3686
300667
163454
273168
222028
73028
191586
277505
75718
231149
176430
151498
208519
301644
263800
16314
296809
64785
14867
319193
72569
142633
202257
284747
243786
278812
295118
193753
2441
288683
46293
69777
52886
177826
137707
260361
129956
278254
43142
40605
189261
10978
100306
146140
181978
118094
300974
13665
112318
268335
62134
235556
241095
188703
99957
114074
248841
3060
80007
96263
66190
129031
114023
125254
6884
159602
36805
197326
117848
215573
38104
51163
89503
12388
88926
94192
105972
276378
145240
229213
242881
290788
1507
53291
28515
191565
272570
78151
131965
2962
250787
271094
1351
296977
3813
151296
73168
5818
94732
4416
230605
149481
133942
30364
241721
146418
275762
183044
63521
186063
109192
317235
67090
230576
203269
73666
83167
187296
61876
76895
213639
22857
143466
118005
315505
11094
198819
281814
126915
52361
73770
127673
83639
84918
132498
260288
123060
236048
40211
304787
314559
240759
86203
162305
132365
118590
205085
175254
119253
19969
35797
215103
4862
128945
67567
318181
36381
212626
122594
41404
272638
171629
138094
206948
24103
206637
6887
221112
201283
22868
38941
171798
233757
176212
152783
291114
179323
92024
226876
294528
79063
54700
274623
315803
279866
1577
149514
174603
284231
161823
138667
19732
179132
262231
103074
313075
313267
317179
154896
214889
44954
7903
77259
102510
177630
106876
269644
204934
272162
316980
273149
308855
285249
270446
76569
104453
123530
210403
101535
289396
299559
228179
163024
202691
251462
221349
95557
40587
112562
102183
66042
244656
159028
58396
126405
71826
269742
215101
159677
66283
219750
24373
184413
298941
207364
54365
301614
16189
75764
4868
230141
92906
201607
241785
78285
170658
263260
296829
164229
220660
312734
119150
243605
208930
32982
301240
160500
308518
59709
85184
134542
310063
302753
164036
168633
294064
128427
206654
315984
212711
266031
225436
89980
99489
27491
230888
165347
293022
237768
52661
97424
316038
221196
232849
55728
206097
282451
268558
237313
40999
11951
227116
196374
161339
81121
69220
106794
5458
174843
194664
218785
173493
176781
180849
300490
102093
141920
233703
56537
47937
180083
54409
269048
150062
368
76403
263104
302259
6886
205299
123505
196391
306318
299339
286265
15633
153289
138895
190099
8822
260461
53422
7899
76374
129492
82803
109940
210121
155559
21458
128338
284151
76350
254040
240176
285816
183240
122255
176985
245995
195379
2410
81635
217719
204495
155872
304383
64566
152669
281467
71364
12186
286541
87555
80682
255665
187950
112347
287297
307932
135752
304758
262192
30235
170966
280890
192667
317968
879
185700
238339
283824
95976
276872
183960
167616
131567
64820
129997
72376
34768
2112
49821
64849
26855
174171
25521
124393
7493
237230
103193
318322
211290
24248
318233
65012
105329
233805
163912
169023
185705
232967
15838
250647
159624
243479
113451
186465
208449
100956
281065
95957
133582
115195
19180
80085
271733
212174
51567
184711
319974
168804
266403
62312
162454
269009
224841
36735
192845
73808
303545
206270
178715
167182
8053
236252
102170
150128
246610
175670
128256
174278
151654
318144
66041
259313
54946
76500
55971
22181
5353
187320
206123
111401
225257
47693
51907
102600
304087
304971
113063
