61375
424532
51458
342229
315026
297110
409977
88732
160474
233171
31137
401183
80598
343640
407751
353310
175670
205624
415558
145164
379852
88034
18332
75673
429486
301495
172385
9839
282420
238989
365593
189118
205047
222275
138907
283315
265319
380134
92647
93290
403639
30795
228387
126701
48268
364638
294587
93680
110384
160225
442413
117383
406361
228331
388533
404159
242098
109404
294799
281778
175952
133433
163582
263138
100076
227543
126423
271927
187345
296770
238481
188555
319339
300870
384662
436208
357273
433804
430042
367632
239925
386784
325610
93926
74930
161051
105262
302932
290075
153637
37103
254303
145488
429553
245940
201675
276957
188388
258421
172422
106874
355448
92461
176305
19190
355197
46043
9465
211973
320172
65498
19348
276652
306285
235017
91146
361124
229551
176739
233864
205834
206927
74433
1222
230933
383009
58577
108528
158765
96269
430537
33642
93719
390151
359388
218297
394235
128373
55794
126062
185277
371047
121055
340257
138451
121885
45510
53055
354589
81489
188074
276722
93791
162938
8203
67288
319972
186931
323238
357276
19532
314
260839
13353
218887
135865
40948
174886
23496
195378
243597
393789
423293
376046
278954
389932
188392
257462
332744
365584
311527
105317
259804
160378
345840
381746
387923
331086
28259
191520
339719
314217
223572
330213
179943
95305
227675
381360
283779
252429
95263
438799
171665
327708
317903
231916
351570
298061
75993
255649
324967
216402
123537
231706
134251
1344
225615
34777
62035
64308
358263
94754
430686
78496
25186
192698
354607
167614
139188
33501
82273
31132
126854
73757
406449
409854
94537
38343
100935
51117
161484
142543
196876
339023
127528
224949
292847
122608
383621
23775
96804
357801
84898
96070
49255
223592
235341
110902
180785
345541
301829
232356
302928
71278
21490
165531
108661
151941
213671
87196
75743
304732
1503
306813
213179
298475
182374
80754
400086
144258
78494
325650
313734
56256
89525
399421
4666
3736
211916
99904
342007
207233
173293
200249
421166
92954
148492
44576
283727
103793
396923
401779
210237
369832
303135
148339
395923
133555
257881
51195
189370
124497
206000
167003
211593
218243
373573
435628
291956
206168
215599
10011
83533
276782
26810
132925
76590
128659
237188
91414
171375
116140
159914
355430
93584
213104
417870
301932
171230
225337
100340
413121
346581
161586
166592
355093
414303
183242
333546
371239
231203
411820
230692
366794
404007
328744
210686
88626
410245
197634
154310
147071
150007
324498
321356
20711
146147
441950
316540
189333
229574
142279
52079
186153
117102
342533
147228
422500
271214
330109
28156
236536
384118
413773
267213
367129
20726
21146
38488
43111
430529
196206
279473
159192
380995
226292
365514
165967
66970
325349
80338
241831
218451
362358
100444
141491
32400
288609
166915
53389
257299
260026
99417
210936
21214
330965
109521
212697
320972
336775
67408
283540
316457
19260
394043
30528
164651
267762
79074
154867
212748
39938
62261
95996
210917
254538
277838
35860
160026
272316
363057
120164
331578
392027
186295
8473
411071
61220
323822
320918
240586
2835
327105
76938
8030
167409
64772
24794
285973
409600
285935
125289
123111
414705
110665
303039
229485
209922
53644
320943
35934
147552
33652
332394
100583
406534
148197
176788
987
245798
19484
78267
154758
267999
144070
209764
317999
438670
394462
326801
340733
133330
93674
8119
145945
383329
433329
80020
80614
436074
260965
317069
195529
343633
297265
77125
394401
54257
396302
232025
202282
148371
208840
238192
215544
91561
413088
277610
55908
66655
58680
311448
436547
177866
243169
268641
217892
68020
283987
337311
665
164950
335952
354067
101599
340938
77611
238241
275518
66702
319102
28079
370485
324640
36170
17891
424753
50198
72008
139408
73367
382915
85170
210594
68156
55485
127100
129003
293759
55601
390563
176605
135055
367818
104987
81583
19441
382254
85256
230024
421612
3846
310712
59431
64324
297086
355466
180513
328768
413166
441028
340954
432196
145407
112956
370195
406998
255436
237123
375635
264498
257093
16240
128286
63725
205288
379047
282521
86941
41962
148119
340408
141330
77084
312798
42146
113115
36218
60989
248228
388036
77763
407568
27792
151702
52698
284117
17414
134639
275907
127187
95287
78909
118
313357
129483
411225
316549
72217
55373
295213
214167
4026
332756
372725
126330
146183
332316
142233
309705
197136
414606
61384
182156
269282
430383
281558
106131
12265
342589
233738
353010
124941
307758
131750
439987
346605
327671
90094
117189
382119
339100
404333
351037
359646
390481
345511
162080
13224
191472
33915
112400
2046
34136
122458
274664
27600
229580
52131
8017
430739
335250
62360
133216
255870
417816
372337
110454
321391
160873
99145
226545
154677
217797
368698
329586
84499
32677
419998
118303
248471
155014
76177
23212
278716
278205
383183
207502
326843
77375
431706
259421
368186
212316
233063
26555
204639
110371
35319
273682
440941
11053
375406
54674
223410
378463
279215
416261
171029
316376
392167
201742
81195
396400
280111
393743
17176
361697
231672
415960
295560
198531
315564
54338
26649
428286
432161
101316
327110
132981
33617
326139
398366
188441
157946
63208
169019
436460
90317
434177
140525
4746
245476
241347
416233
80796
260495
276537
201393
36537
422239
165084
256429
77498
150177
433583
91615
397698
15838
383680
436769
68270
171739
229781
58419
292652
229723
369358
321600
218169
197683
77564
14419
337112
25158
185426
237022
115515
159031
393204
221321
138319
217245
131918
332445
6517
399674
110074
289051
250008
13214
343724
164088
30405
210411
255735
367958
49576
224403
350272
92063
229913
265960
91633
160432
222860
419635
201590
115046
435261
425336
302212
442437
326217
176099
442304
57797
232901
223581
12174
123004
82971
80533
405557
48156
245448
146170
369603
42687
304771
68856
155298
334356
94634
196703
67463
148694
422546
217153
288875
255171
67770
390905
187688
427971
219954
303626
372970
244300
376702
81631
158606
181742
184356
345946
370935
66313
42866
87341
32621
60761
378304
155165
272358
302699
109225
272399
208460
85752
24817
374892
199846
148261
178878
414834
272963
378228
188446
232493
232060
301959
69969
125418
122737
307524
327836
124842
95177
326582
415551
413384
63346
437588
266678
195131
54591
196412
100207
260801
250200
104001
343733
330149
243946
322440
290489
70494
430759
61476
256472
27315
401625
146500
180124
31470
66901
61184
321542
159419
330780
89165
62920
84538
131936
29618
102837
295501
125939
356887
57629
166428
439133
166467
414597
187427
193225
181689
353118
133706
287945
437282
369316
62116
228187
197330
236582
285095
153141
174802
85252
82389
187838
254454
437981
72879
145432
200041
322874
382779
302354
191370
123833
245463
377269
318468
241
189874
291163
80311
329606
203992
256177
188710
76314
428478
216211
325745
80646
257569
206699
