104276
7216
120195
86967
128018
68218
124206
14950
15634
82188
2872
31583
14734
121894
128977
107018
46604
76050
113229
33475
17090
45391
75465
3776
67321
10999
14163
121659
103972
32758
125313
115056
55590
18390
109195
80870
120182
61545
58278
93338
50523
127236
12289
88027
35505
16416
75850
72491
120635
2943
118423
90640
22053
16296
45835
107431
90124
15516
69314
69913
103253
104618
17600
42180
42340
84361
73668
112374
25011
129439
106445
97504
35872
85036
93012
73230
116867
119364
39879
26285
96533
99774
34065
43456
52543
45170
99485
43283
3462
23899
34311
16914
60637
87350
73155
113747
130332
2738
65053
78425
19355
21691
110938
44373
77907
20691
3801
65704
131655
30959
130705
12349
20167
50395
6774
101134
95681
63970
23002
41785
60463
130539
117005
55499
43897
9669
51043
39906
93208
9517
53991
67862
71550
110552
30957
50390
93065
18298
64964
39269
82693
72931
123351
97717
8428
23442
34706
81497
113729
13199
70204
127782
128648
100926
13043
13229
55975
61893
89856
36939
79680
119756
104842
77003
124089
51249
129069
11053
126313
56308
94549
103330
7831
62306
87878
72911
38975
119755
127736
83505
53846
126965
26340
98909
122687
83668
121365
111878
32273
71272
94075
71442
41419
16208
9061
40369
130646
106790
127598
14194
115131
95514
102489
50630
45030
123214
29944
101374
3661
11444
24639
50130
67355
131996
8853
60551
73079
100831
8304
52242
7258
20764
51194
46464
78082
37309
47038
117819
52076
22953
13554
133169
89971
64892
113708
23435
107733
96667
131139
40028
38361
113766
18792
83149
108437
84072
104825
119907
20318
92496
74427
21096
129569
86707
50541
41107
72781
8753
45060
28484
115597
89239
57429
60109
74414
85086
37088
100644
71785
15517
81713
120932
47558
62500
69090
72261
35353
129559
51450
104154
133605
15023
123380
93249
121154
2884
76709
7247
68314
77149
123697
49948
103235
10033
100792
125905
102363
91776
32735
39392
126552
24203
7566
112252
893
10626
33810
25009
53799
105446
26116
24038
12573
129813
27644
15339
18786
20185
87809
109193
54347
123547
107369
7937
87430
108028
102268
13001
33901
2188
5348
28791
16051
85664
84365
44929
133415
107834
87270
15176
67342
99077
43142
110450
116338
58689
70934
72319
74606
121118
50096
109304
84741
62649
126280
116938
17178
18745
876
94248
54265
105630
36222
3679
60619
5712
103339
74368
52130
107306
132699
63464
75004
32151
127941
90516
75375
19329
60843
88747
129899
107575
67762
11749
50018
83950
32503
16989
16853
102306
55791
115659
31440
89066
44409
31133
101633
4648
127944
65978
31332
4370
25
96262
23376
101743
28444
81067
74981
52372
52170
77171
67426
41750
122761
70321
60222
92577
39704
78422
76254
1606
13899
75075
108262
15305
62858
107460
101899
16395
43150
21405
89429
81764
54384
53565
53232
36791
126529
83131
41505
26838
124047
15234
64115
35605
73670
131870
14595
107303
131096
104383
68978
91601
100497
64611
128991
22306
15389
30043
63092
133028
34300
80832
88841
109106
647
80533
75478
11830
41152
123437
72805
76141
9526
130418
40925
111922
52470
90689
126543
61978
76906
94386
24905
57003
55168
85154
128159
25401
129033
8760
13480
9994
121735
33367
50582
55673
43984
109881
84121
38245
63931
62591
29765
42524
17634
132441
122851
97992
113360
124886
71985
12246
31075
122746
95542
40015
98712
132548
25797
130389
27234
36028
5953
3168
28807
40438
98865
109096
41545
8419
87167
13281
38859
24671
125955
54172
62768
59389
4276
83593
76730
122012
40588
123532
1885
61896
47377
123463
107388
2646
9663
90271
89031
100624
74794
72223
21065
102684
53109
95735
80277
106961
103982
39468
55716
87958
10297
127132
75908
131576
22248
72485
127222
40320
68826
66485
21720
100519
112608
71224
3784
49619
87256
109916
80207
86411
115031
25333
88500
7773
46213
132106
132467
27182
71746
69336
87943
24584
131832
41650
123766
82290
1341
97891
36324
111692
5108
133291
131299
71434
117694
68424
61253
55935
62630
61560
54906
116454
87944
42429
105085
119736
124232
117222
54872
133646
66254
82127
67644
50509
35361
58467
60767
6392
19405
37350
58480
10484
47980
123564
130842
130217
24325
22217
97214
49594
96730
42487
26602
102129
77184
130029
53078
95192
39877
15199
29140
85368
45132
71606
57470
93146
101574
65172
77736
14567
41055
83092
131071
55321
113751
12334
100839
43366
43582
106435
2224
43645
9743
115917
21047
48055
15129
32747
39820
65075
103456
92843
82914
81345
39320
25392
58858
125582
46477
117390
46027
56199
44363
114340
114998
66846
46681
36617
38830
41850
89330
113002
132993
131083
107219
77138
65082
107078
98423
21234
95050
114225
67859
22563
128868
25510
119684
46923
53636
40147
70965
74088
25175
103650
46843
29150
63179
69377
35674
25227
103834
30256
37787
63790
22778
124820
125085
84614
76683
118782
539
65409
21188
20206
25028
37220
132949
91533
72926
122515
133110
97001
85843
35665
43252
131599
103304
94989
127867
24874
133249
42965
21618
127704
44761
61509
35205
43801
99178
45210
20662
70896
84589
7709
29973
28187
92
111759
117233
99793
65487
66554
61782
84541
107065
90661
107275
13228
83809
61735
60009
128074
131947
128850
69978
14257
61069
69121
6508
105368
118214
77314
107463
77265
23620
46423
35776
123018
117227
57153
16161
123099
100640
2856
5416
82207
110727
106959
47462
101527
90989
89553
42373
74026
95827
87370
97442
102818
95491
9791
102360
108748
76774
41993
41261
74656
53776
58361
120844
5865
85229
59652
106941
11361
20313
104619
119052
89503
122264
103497
16295
60062
126568
49241
98956
115882
15116
23209
79106
98788
55616
123233
98961
115358
11872
74819
110374
31918
68384
65875
83931
22896
3440
48589
17941
81526
22252
20422
132746
64322
47590
105764
121545
48487
85133
28448
122048
81390
66930
92262
3647
86398
54640
122790
24056
91603
42288
46431
105597
28710
121012
51828
18101
7920
2762
97757
19237
54419
2747
89078
57596
123008
59020
6616
15153
88093
64156
3751
99399
61876
30445
44622
79609
69458
66656
4801
129601
75320
53120
74540
117054
14681
79712
59281
130246
28993
75649
68502
37625
11941
91881
61402
42196
21491
44900
85891
78546
110800
8855
8464
5056
19166
94223
127772
56732
72327
34164
15027
107827
8258
133245
76865
101832
115836
101272
98533
52929
100814
70815
105245
114082
70223
108820
46930
44169
16756
25630
83350
102484
62442
55357
24580
92337
38529
101027
92968
88489
71256
29823
10373
33586
104820
